# Nota: C-Order, 1 refers to the Y axis, 2 to the X axis 
# Calibration done at Fri Feb 22 13:27:42 2019
PixelSize1: 0.00017199999999999998
PixelSize2: 0.00017199999999999998
Distance: 0.206758595068
Poni1: 0.0881957508135
Poni2: 0.0852823748155
Rot1: 0.00652337419303
Rot2: 0.000232929425951
Rot3: 7.59745600654e-07
Wavelength: 3.3439999999999996e-11
# Nota: C-Order, 1 refers to the Y axis, 2 to the X axis 
# Calibration done at Fri Feb 22 08:41:22 2019
PixelSize1: 0.00017199999999999998
PixelSize2: 0.00017199999999999998
Distance: 0.206758595068
Poni1: 0.0881957508135
Poni2: 0.0852823748155
Rot1: 0.00652337419303
Rot2: 0.000232929425951
Rot3: 7.59745600654e-07
Wavelength: 2.952e-11
